830.1551
829.8857
830.2766
830.2059
830.2720
829.8988
829.9054
830.1735
830.1235
830.1514
830.1342
829.8656
830.1579
830.2127
829.8888
829.8987
830.1551
829.8843
830.1549
830.1474
830.2557
829.8944
829.8878
830.1303
830.1268
830.2084
829.9015
830.1869
830.1163
830.1819
830.1642
830.1903
830.1927
829.8984
830.1144
830.3733
830.2468
830.2124
830.1963
830.1847
830.1567
830.3613
830.3364
830.1879
830.3694
830.1949
830.3069
830.3547
830.3546
830.2920
830.1522
830.3672
830.3177
830.3111
830.1744
830.3476
830.1658
830.3478
830.3787
830.2220
830.2993
830.2988
830.1709
830.2158
830.2341
830.3354
830.1998
830.1671
830.1300
830.2123
830.3142
830.1707
830.2073
829.9145
830.0516
830.3518
830.2494
829.9137
830.1644
830.2195
830.2650
830.1525
830.2071
830.2403
830.3510
830.3096
830.4061
830.2169
830.1989
830.1496
830.3041
830.1598
830.1580
830.3005
829.9063
830.1924
830.2953
830.1552
830.2088
830.3573
829.8860
830.3302
830.2040
830.1789
829.9145
830.1976
830.3391
829.9204
830.1996
829.9045
830.1859
830.1942
830.2512
830.2766
830.1866
830.1602
829.9158
830.1727
829.9194
829.9306
830.1699
830.2167
830.1539
830.2087
830.1682
830.1646
830.1635
830.1470
830.2121
829.9073
830.2727
830.1616
830.2556
830.1734
830.1973
829.9156
830.1943
830.1862
830.1462
830.1656
830.1652
830.1492
830.3468
829.9121
830.1974
830.1970
830.1532
829.9098
830.1936
830.3054
830.3596
830.3496
830.2591
830.1537
830.3247
830.2648
830.2542
830.1739
830.2044
830.1953
830.1561
830.2123
830.2097
